octave:1> A = [17, 5, 12, 5; 14, 15, 14, 17; 7, 0, 19, 16; 4, 13, 7, 9]
A =

   17    5   12    5
   14   15   14   17
    7    0   19   16
    4   13    7    9

octave:2> c = [2, 4, -5]
c =

   2   4  -5

octave:3> roots(c)
ans =

  -2.87083
   0.87083

octave:4> B = A * 0.87083
C =

   14.80411    4.35415   10.44996    4.35415
   12.19162   13.06245   12.19162   14.80411
    6.09581    0.00000   16.54577   13.93328
    3.48332   11.32079    6.09581    7.83747