octave:1> A = [17, 5, 12, 5; 14, 15, 14, 17; 7, 0, 19, 16; 4, 13, 7, 9]
A =

   17    5   12    5
   14   15   14   17
    7    0   19   16
    4   13    7    9

octave:2> B = [1, 7, 5, 4; 15, 17, 5, 4; 2, 0, 9, 19; 7, 16, 14, 11]
B =

    1    7    5    4
   15   17    5    4
    2    0    9   19
    7   16   14   11
octave:3> c = A * B
c =

   151   284   288   371
   386   625   509   569
   157   305   430   565
   276   393   274   300