octave:1> D = [4, 1, 3; 16, 7, 18; 7, 15, 6]
D =

    4    1    3
   16    7   18
    7   15    6

octave:2> det (D)
ans = -309